2560.000
64.000
0.023000
500.000
1.000
9352.000
12.000
10.000
31.961
40.044
60.852
65.364
68.374
70.361
71.973
73.472
74.837
76.070
77.199
78.243
79.341
80.404
81.436
82.453
83.461
84.475
85.527
86.630
87.803
89.033
90.259
91.445
92.581
93.702
94.812
95.919
97.026
98.139
99.250
100.361
101.472
102.587
103.705
104.832
105.961
107.091
108.214
109.328
110.432
111.529
112.617
113.696
114.765
115.828
116.884
117.937
118.988
120.042
121.099
122.158
123.224
124.294
125.369
126.449
127.531
128.612
129.689
130.761
131.830
132.893
133.950
135.002
136.052
137.101
138.152
139.203
140.258
141.318
142.383
143.455
144.528
145.600
146.668
147.730
148.787
149.838
150.882
151.920
152.952
153.981
155.008
156.037
157.068
158.103
159.142
160.183
161.227
162.275
163.326
164.378
165.429
166.474
167.512
168.544
169.572
170.599
171.623
172.645
173.664
174.682
175.702
176.725
177.751
178.781
179.812
180.846
181.879
182.912
183.939
184.961
185.977
186.987
187.994
188.998
190.001
191.004
192.009
193.015
194.022
195.032
196.044
197.059
198.076
199.093
200.109
201.124
202.138
203.150
204.157
205.159
206.154
207.147
208.142
209.138
210.137
211.138
212.143
213.151
214.161
215.173
216.187
217.202
218.214
219.224
220.230
221.234
222.234
223.230
224.222
225.212
226.201
227.190
228.180
229.173
230.168
231.164
232.160
233.158
234.156
235.154
236.151
237.146
238.137
239.125
240.111
241.095
242.078
243.060
244.042
245.024
246.009
246.999
247.994
248.993
249.994
250.996
251.997
252.998
253.997
254.993
255.984
256.972
257.956
258.939
259.922
260.904
261.885
262.867
263.850
264.837
265.825
266.814
267.803
268.793
269.781
270.767
271.750
272.731
273.707
274.679
275.650
276.619
277.588
278.558
279.530
280.503
281.479
282.458
283.441
284.425
285.412
286.399
287.386
288.371
289.353
290.330
291.304
292.275
293.246
294.216
295.187
296.159
297.134
298.112
299.093
300.075
301.058
302.042
303.027
304.011
304.993
305.972
306.947
307.918
308.888
309.855
310.822
311.789
312.756
313.726
314.699
315.675
316.653
317.633
318.615
319.598
320.582
321.564
322.544
323.520
324.493
325.462
326.428
327.392
328.355
329.317
330.279
331.243
332.209
333.177
334.147
335.117
336.086
337.055
338.022
338.986
339.946
340.904
341.860
342.813
343.765
344.716
345.667
346.620
347.576
348.536
349.499
350.467
351.441
352.416
353.392
354.367
355.342
356.315
357.286
358.255
359.222
360.186
361.149
362.110
363.072
364.034
364.996
365.960
366.926
367.894
368.863
369.831
370.799
371.766
372.731
373.693
374.653
375.608
376.561
377.512
378.462
379.413
380.366
381.320
382.276
383.234
384.195
385.161
386.131
387.102
388.075
389.048
390.022
390.993
391.960
392.924
393.887
394.850
395.814
396.779
397.745
398.712
399.680
400.651
401.622
402.593
403.565
404.535
405.504
406.470
407.433
408.392
409.348
410.302
411.255
412.207
413.158
414.110
415.063
416.019
416.977
417.936
418.898
419.860
420.823
421.785
422.747
423.709
424.671
425.633
426.593
427.552
428.510
429.469
430.428
431.388
432.350
433.316
434.285
435.257
436.229
437.202
438.172
439.140
440.106
441.070
442.032
442.991
443.948
444.904
445.858
446.812
447.765
448.719
449.674
450.630
451.587
452.546
453.506
454.466
455.427
456.386
457.343
458.300
459.255
460.210
461.165
462.120
463.075
464.034
464.995
465.958
466.922
467.887
468.855
469.825
470.796
471.769
472.743
473.715
474.684
475.651
476.614
477.576
478.538
479.500
480.463
481.427
482.393
483.359
484.326
485.293
486.258
487.222
488.183
489.143
490.101
491.059
492.016
492.972
493.927
494.881
495.835
496.789
497.746
498.704
499.663
500.624
501.587
502.552
503.520
504.489
505.459
506.427
507.395
508.361
509.326
510.290
511.254
512.218
513.181
514.143
515.107
516.072
517.041
518.011
518.981
519.952
520.923
521.894
522.864
523.832
524.797
525.760
526.722
527.683
528.643
529.604
530.566
531.530
532.493
533.457
534.420
535.384
536.348
537.313
538.278
539.241
540.203
541.166
542.130
543.094
544.056
545.018
545.979
546.941
547.904
548.870
549.838
550.810
551.783
552.756
553.729
554.702
555.676
556.648
557.618
558.586
559.554
560.523
561.492
562.460
563.427
564.395
565.363
566.332
567.301
568.270
569.240
570.210
571.180
572.149
573.116
574.082
575.047
576.011
576.975
577.938
578.900
579.862
580.825
581.788
582.751
583.714
584.678
585.646
586.616
587.588
588.561
589.533
590.503
591.472
592.440
593.408
594.375
595.340
596.304
597.268
598.233
599.199
600.166
601.133
602.101
603.069
604.036
605.004
605.972
606.941
607.910
608.879
609.847
610.815
611.783
612.753
613.722
614.691
615.661
616.632
617.602
618.572
619.542
620.514
621.486
622.459
623.433
624.407
625.382
626.358
627.331
628.303
629.275
630.246
631.217
632.188
633.160
634.132
635.103
636.075
637.047
638.019
638.989
639.959
640.929
641.898
642.868
643.838
644.807
645.777
646.747
647.717
648.687
649.657
650.627
651.600
652.572
653.543
654.512
655.482
656.450
657.417
658.382
659.348
660.314
661.281
662.247
663.215
664.184
665.155
666.127
667.099
668.072
669.045
670.019
670.993
671.968
672.942
673.917
674.890
675.862
676.835
677.809
678.784
679.759
680.734
681.710
682.687
683.664
684.639
685.614
686.588
687.563
688.536
689.509
690.481
691.453
692.423
693.393
694.361
695.328
696.294
697.261
698.230
699.201
700.176
701.153
702.132
703.111
704.090
705.067
706.043
707.018
707.991
708.963
709.933
710.904
711.874
712.842
713.808
714.775
715.744
716.716
717.687
718.658
719.627
720.598
721.570
722.544
723.517
724.489
725.462
726.435
727.409
728.384
729.360
730.336
731.313
732.290
733.267
734.244
735.223
736.203
737.184
738.167
739.152
740.134
741.115
742.092
743.068
744.042
745.016
745.989
746.960
747.930
748.900
749.870
750.839
751.809
752.779
753.749
754.721
755.692
756.664
757.635
758.605
759.576
760.547
761.518
762.488
763.458
764.428
765.399
766.372
767.343
768.314
769.284
770.254
771.224
772.195
773.166
774.140
775.113
776.086
777.060
778.033
779.006
779.976
780.947
781.918
782.890
783.862
784.835
785.809
786.783
787.758
788.731
789.702
790.673
791.643
792.613
793.583
794.551
795.520
796.489
797.458
798.426
799.396
800.366
801.338
802.310
803.284
804.258
805.233
806.206
807.179
808.152
809.126
810.100
811.074
812.049
813.024
814.000
814.976
815.950
816.923
817.896
818.870
819.845
820.821
821.798
822.773
823.747
824.721
825.694
826.664
827.633
828.601
829.568
830.535
831.504
832.473
833.441
834.410
835.378
836.348
837.319
838.292
839.264
840.237
841.211
842.184
843.157
844.129
845.101
846.071
847.041
848.012
848.982
849.952
850.923
851.894
852.864
853.835
854.806
855.778
856.750
857.724
858.699
859.674
860.649
861.621
862.593
863.566
864.539
865.512
866.484
867.457
868.430
869.403
870.376
871.347
872.317
873.287
874.258
875.230
876.202
877.173
878.143
879.112
880.080
881.046
882.011
882.976
883.941
884.905
885.870
886.834
887.798
888.761
889.725
890.691
891.658
892.626
893.595
894.564
895.533
896.501
897.470
898.439
899.407
900.375
901.343
902.313
903.283
904.255
905.227
906.200
907.173
908.146
909.118
910.089
911.059
912.028
912.998
913.968
914.938
915.908
916.876
917.844
918.812
919.781
920.751
921.720
922.690
923.659
924.629
925.598
926.567
927.537
928.507
929.477
930.446
931.414
932.381
933.346
934.311
935.275
936.240
937.206
938.172
939.138
940.104
941.071
942.039
943.006
943.974
944.941
945.906
946.870
947.834
948.798
949.760
950.722
951.685
952.648
953.613
954.579
955.546
956.514
957.483
958.454
959.425
960.396
961.367
962.338
963.309
964.280
965.250
966.220
967.189
968.156
969.123
970.089
971.056
972.024
972.991
973.959
974.928
975.896
976.864
977.832
978.798
979.765
980.731
981.696
982.661
983.626
984.590
985.554
986.517
987.481
988.444
989.407
990.370
991.333
992.298
993.263
994.229
995.195
996.160
997.127
998.093
999.059
1000.025
1000.991
1001.957
1002.923
1003.889
1004.855
1005.821
1006.788
1007.755
1008.724
1009.693
1010.663
1011.633
1012.604
1013.575
1014.546
1015.517
1016.487
1017.457
1018.427
1019.395
1020.363
1021.331
1022.298
1023.265
1024.232
1025.199
1026.165
1027.130
1028.095
1029.059
1030.024
1030.989
1031.954
1032.917
1033.880
1034.842
1035.805
1036.769
1037.733
1038.698
1039.663
1040.628
1041.593
1042.559
1043.525
1044.492
1045.460
1046.428
1047.396
1048.364
1049.333
1050.301
1051.268
1052.235
1053.201
1054.166
1055.131
1056.097
1057.062
1058.028
1058.993
1059.959
1060.925
1061.892
1062.859
1063.825
1064.791
1065.756
1066.720
1067.683
1068.646
1069.609
1070.571
1071.535
1072.499
1073.464
1074.429
1075.395
1076.362
1077.329
1078.296
1079.263
1080.231
1081.198
1082.165
1083.132
1084.099
1085.065
1086.031
1086.997
1087.964
1088.930
1089.897
1090.863
1091.830
1092.798
1093.768
1094.738
1095.708
1096.679
1097.649
1098.619
1099.588
1100.557
1101.524
1102.490
1103.455
1104.420
1105.385
1106.349
1107.314
1108.279
1109.245
1110.212
1111.178
1112.145
1113.113
1114.081
1115.048
1116.015
1116.981
1117.947
1118.912
1119.876
1120.839
1121.802
1122.766
1123.729
1124.694
1125.658
1126.623
1127.589
1128.557
1129.525
1130.493
1131.461
1132.429
1133.396
1134.363
1135.330
1136.297
1137.263
1138.229
1139.196
1140.161
1141.127
1142.093
1143.060
1144.027
1144.996
1145.964
1146.933
1147.903
1148.871
1149.841
1150.810
1151.780
1152.750
1153.719
1154.687
1155.654
1156.622
1157.590
1158.558
1159.525
1160.491
1161.458
1162.424
1163.390
1164.356
1165.322
1166.288
1167.254
1168.219
1169.184
1170.148
1171.113
1172.077
1173.041
1174.006
1174.971
1175.937
1176.904
1177.871
1178.838
1179.805
1180.773
1181.741
1182.708
1183.675
1184.641
1185.608
1186.575
1187.542
1188.509
1189.476
1190.444
1191.413
1192.382
1193.352
1194.323
1195.293
1196.262
1197.231
1198.200
1199.168
1200.135
1201.102
1202.069
1203.036
1204.002
1204.969
1205.936
1206.903
1207.871
1208.840
1209.811
1210.783
1211.754
1212.724
1213.695
1214.667
1215.639
1216.612
1217.583
1218.554
1219.524
1220.494
1221.462
1222.429
1223.396
1224.363
1225.331
1226.299
1227.268
1228.237
1229.207
1230.178
1231.149
1232.120
1233.090
1234.061
1235.030
1235.998
1236.966
1237.933
1238.899
1239.865
1240.832
1241.799
1242.765
1243.732
1244.700
1245.667
1246.636
1247.605
1248.575
1249.545
1250.514
1251.483
1252.450
1253.418
1254.387
1255.356
1256.325
1257.292
1258.259
1259.226
1260.193
1261.160
1262.127
1263.095
1264.062
1265.029
1265.997
1266.965
1267.932
1268.900
1269.868
1270.837
1271.806
1272.776
1273.745
1274.713
1275.682
1276.652
1277.622
1278.594
1279.568
1280.541
1281.515
1282.488
1283.461
1284.434
1285.407
1286.381
1287.354
1288.327
1289.300
1290.272
1291.243
1292.214
1293.186
1294.158
1295.130
1296.101
1297.072
1298.043
1299.013
1299.984
1300.954
1301.923
1302.891
1303.858
1304.825
1305.791
1306.757
1307.723
1308.689
1309.656
1310.623
1311.591
1312.559
1313.528
1314.498
1315.468
1316.438
1317.408
1318.378
1319.347
1320.315
1321.283
1322.249
1323.216
1324.184
1325.152
1326.121
1327.090
1328.060
1329.029
1329.999
1330.970
1331.942
1332.914
1333.886
1334.859
1335.831
1336.804
1337.777
1338.749
1339.721
1340.693
1341.665
1342.637
1343.609
1344.580
1345.550
1346.521
1347.493
1348.466
1349.439
1350.411
1351.382
1352.353
1353.323
1354.293
1355.261
1356.230
1357.199
1358.167
1359.136
1360.104
1361.074
1362.043
1363.013
1363.984
1364.956
1365.926
1366.896
1367.865
1368.834
1369.802
1370.768
1371.734
1372.699
1373.664
1374.631
1375.598
1376.565
1377.532
1378.500
1379.469
1380.440
1381.410
1382.381
1383.352
1384.322
1385.293
1386.264
1387.236
1388.207
1389.178
1390.149
1391.121
1392.093
1393.068
1394.044
1395.020
1395.998
1396.975
1397.953
1398.930
1399.907
1400.884
1401.860
1402.835
1403.808
1404.780
1405.751
1406.721
1407.689
1408.657
1409.625
1410.593
1411.561
1412.530
1413.499
1414.469
1415.439
1416.407
1417.376
1418.344
1419.311
1420.278
1421.244
1422.210
1423.176
1424.143
1425.111
1426.079
1427.049
1428.020
1428.992
1429.967
1430.943
1431.920
1432.898
1433.877
1434.854
1435.831
1436.806
1437.781
1438.755
1439.729
1440.701
1441.672
1442.643
1443.614
1444.585
1445.557
1446.529
1447.501
1448.472
1449.445
1450.417
1451.388
1452.359
1453.329
1454.298
1455.267
1456.234
1457.201
1458.167
1459.133
1460.098
1461.064
1462.032
1463.000
1463.970
1464.941
1465.912
1466.885
1467.858
1468.833
1469.809
1470.783
1471.757
1472.730
1473.701
1474.671
1475.640
1476.610
1477.581
1478.552
1479.523
1480.494
1481.466
1482.439
1483.413
1484.388
1485.363
1486.337
1487.312
1488.287
1489.261
1490.235
1491.208
1492.181
1493.153
1494.124
1495.095
1496.066
1497.036
1498.006
1498.977
1499.948
1500.918
1501.888
1502.856
1503.824
1504.791
1505.759
1506.725
1507.692
1508.658
1509.623
1510.588
1511.554
1512.522
1513.491
1514.461
1515.433
1516.406
1517.379
1518.352
1519.325
1520.298
1521.271
1522.245
1523.219
1524.193
1525.166
1526.139
1527.112
1528.083
1529.055
1530.026
1530.997
1531.967
1532.937
1533.907
1534.877
1535.846
1536.815
1537.784
1538.750
1539.716
1540.681
1541.646
1542.611
1543.576
1544.542
1545.509
1546.478
1547.447
1548.419
1549.391
1550.365
1551.340
1552.315
1553.290
1554.265
1555.239
1556.213
1557.186
1558.159
1559.131
1560.104
1561.076
1562.049
1563.020
1563.991
1564.962
1565.933
1566.904
1567.874
1568.844
1569.814
1570.782
1571.750
1572.717
1573.684
1574.650
1575.617
1576.583
1577.550
1578.517
1579.484
1580.452
1581.420
1582.389
1583.358
1584.328
1585.298
1586.270
1587.241
1588.211
1589.181
1590.151
1591.121
1592.091
1593.062
1594.033
1595.005
1595.978
1596.951
1597.925
1598.900
1599.875
1600.850
1601.825
1602.800
1603.775
1604.749
1605.721
1606.692
1607.661
1608.629
1609.596
1610.563
1611.531
1612.498
1613.466
1614.435
1615.404
1616.373
1617.342
1618.312
1619.281
1620.250
1621.219
1622.188
1623.156
1624.123
1625.089
1626.054
1627.020
1627.986
1628.952
1629.920
1630.888
1631.856
1632.826
1633.797
1634.769
1635.741
1636.715
1637.688
1638.660
1639.632
1640.603
1641.574
1642.544
1643.513
1644.482
1645.450
1646.418
1647.386
1648.354
1649.324
1650.294
1651.265
1652.236
1653.208
1654.180
1655.151
1656.123
1657.094
1658.064
1659.034
1660.002
1660.970
1661.938
1662.904
1663.871
1664.838
1665.805
1666.774
1667.742
1668.711
1669.680
1670.648
1671.617
1672.586
1673.555
1674.523
1675.491
1676.459
1677.428
1678.396
1679.364
1680.333
1681.302
1682.270
1683.239
1684.207
1685.175
1686.144
1687.112
1688.080
1689.048
1690.015
1690.982
1691.949
1692.915
1693.882
1694.848
1695.815
1696.781
1697.747
1698.713
1699.680
1700.647
1701.615
1702.583
1703.552
1704.522
1705.492
1706.463
1707.433
1708.404
1709.375
1710.345
1711.316
1712.286
1713.256
1714.226
1715.197
1716.169
1717.140
1718.112
1719.083
1720.054
1721.026
1721.996
1722.967
1723.937
1724.907
1725.876
1726.845
1727.814
1728.782
1729.750
1730.717
1731.685
1732.653
1733.621
1734.588
1735.557
1736.525
1737.494
1738.462
1739.431
1740.400
1741.369
1742.338
1743.307
1744.276
1745.244
1746.213
1747.181
1748.150
1749.117
1750.084
1751.050
1752.015
1752.981
1753.946
1754.910
1755.875
1756.839
1757.804
1758.769
1759.734
1760.700
1761.665
1762.632
1763.599
1764.566
1765.533
1766.500
1767.468
1768.435
1769.402
1770.370
1771.338
1772.306
1773.275
1774.243
1775.212
1776.182
1777.151
1778.120
1779.090
1780.060
1781.031
1782.002
1782.973
1783.943
1784.913
1785.882
1786.851
1787.819
1788.786
1789.752
1790.717
1791.683
1792.648
1793.613
1794.577
1795.542
1796.507
1797.471
1798.436
1799.401
1800.366
1801.331
1802.297
1803.262
1804.226
1805.191
1806.156
1807.122
1808.088
1809.054
1810.020
1810.987
1811.955
1812.923
1813.892
1814.863
1815.835
1816.808
1817.780
1818.752
1819.725
1820.697
1821.669
1822.641
1823.611
1824.581
1825.550
1826.519
1827.487
1828.455
1829.423
1830.391
1831.358
1832.325
1833.291
1834.258
1835.225
1836.192
1837.159
1838.125
1839.090
1840.055
1841.020
1841.984
1842.947
1843.911
1844.875
1845.839
1846.803
1847.768
1848.733
1849.698
1850.665
1851.632
1852.599
1853.567
1854.534
1855.501
1856.468
1857.435
1858.402
1859.369
1860.336
1861.303
1862.270
1863.235
1864.202
1865.169
1866.137
1867.106
1868.076
1869.045
1870.014
1870.983
1871.952
1872.921
1873.890
1874.858
1875.826
1876.793
1877.760
1878.728
1879.696
1880.665
1881.634
1882.603
1883.572
1884.542
1885.512
1886.482
1887.452
1888.421
1889.390
1890.359
1891.326
1892.294
1893.261
1894.229
1895.196
1896.164
1897.131
1898.097
1899.064
1900.030
1900.996
1901.962
1902.928
1903.895
1904.861
1905.827
1906.792
1907.756
1908.720
1909.683
1910.646
1911.611
1912.576
1913.542
1914.509
1915.477
1916.447
1917.417
1918.387
1919.357
1920.327
1921.297
1922.267
1923.237
1924.206
1925.174
1926.142
1927.109
1928.076
1929.043
1930.011
1930.979
1931.948
1932.917
1933.886
1934.855
1935.824
1936.793
1937.761
1938.729
1939.696
1940.663
1941.630
1942.596
1943.561
1944.526
1945.492
1946.457
1947.423
1948.390
1949.358
1950.328
1951.298
1952.269
1953.240
1954.210
1955.179
1956.148
1957.116
1958.082
1959.048
1960.014
1960.980
1961.946
1962.911
1963.877
1964.842
1965.808
1966.775
1967.742
1968.710
1969.679
1970.648
1971.617
1972.585
1973.553
1974.521
1975.487
1976.453
1977.418
1978.383
1979.347
1980.312
1981.277
1982.243
1983.209
1984.177
1985.146
1986.116
1987.087
1988.058
1989.030
1990.001
1990.972
1991.942
1992.911
1993.879
1994.847
1995.815
1996.782
1997.750
1998.718
1999.686
2000.654
2001.622
2002.590
2003.558
2004.526
2005.495
2006.463
2007.431
2008.399
2009.367
2010.334
2011.300
2012.267
2013.233
2014.199
2015.165
2016.131
2017.098
2018.066
2019.036
2020.006
2020.978
2021.950
2022.923
2023.895
2024.866
2025.836
2026.806
2027.775
2028.745
2029.713
2030.681
2031.649
2032.616
2033.583
2034.551
2035.519
2036.487
2037.455
2038.423
2039.391
2040.359
2041.327
2042.294
2043.262
2044.230
2045.198
2046.165
2047.132
2048.099
2049.067
2050.035
2051.003
2051.972
2052.942
2053.912
2054.882
2055.853
2056.825
2057.797
2058.768
2059.739
2060.709
2061.678
2062.646
2063.614
2064.581
2065.547
2066.514
2067.481
2068.447
2069.414
2070.381
2071.348
2072.314
2073.280
2074.246
2075.211
2076.176
2077.140
2078.104
2079.068
2080.031
2080.994
2081.957
2082.921
2083.886
2084.852
2085.819
2086.787
2087.756
2088.726
2089.698
2090.670
2091.642
2092.615
2093.588
2094.562
2095.537
2096.511
2097.485
2098.459
2099.433
2100.407
2101.381
2102.354
2103.327
2104.299
2105.271
2106.244
2107.216
2108.188
2109.159
2110.128
2111.096
2112.062
2113.027
2113.991
2114.955
2115.919
2116.882
2117.845
2118.808
2119.771
2120.734
2121.698
2122.663
2123.628
2124.594
2125.560
2126.526
2127.493
2128.460
2129.427
2130.394
2131.363
2132.333
2133.304
2134.276
2135.249
2136.221
2137.194
2138.168
2139.141
2140.115
2141.088
2142.060
2143.031
2144.002
2144.972
2145.941
2146.909
2147.877
2148.844
2149.811
2150.778
2151.745
2152.713
2153.681
2154.650
2155.619
2156.588
2157.557
2158.525
2159.494
2160.463
2161.431
2162.399
2163.367
2164.335
2165.303
2166.271
2167.240
2168.209
2169.180
2170.151
2171.124
2172.097
2173.070
2174.044
2175.017
2175.989
2176.961
2177.932
2178.902
2179.871
2180.838
2181.805
2182.771
2183.737
2184.703
2185.670
2186.636
2187.604
2188.572
2189.541
2190.509
2191.478
2192.448
2193.417
2194.387
2195.356
2196.324
2197.293
2198.262
2199.231
2200.200
2201.170
2202.140
2203.110
2204.081
2205.052
2206.023
2206.995
2207.968
2208.940
2209.912
2210.884
2211.855
2212.826
2213.796
2214.764
2215.732
2216.698
2217.665
2218.632
2219.599
2220.566
2221.534
2222.503
2223.472
2224.440
2225.409
2226.378
2227.348
2228.317
2229.286
2230.255
2231.223
2232.191
2233.160
2234.129
2235.098
2236.067
2237.037
2238.008
2238.979
2239.951
2240.923
2241.895
2242.866
2243.836
2244.807
2245.777
2246.746
2247.716
2248.684
2249.652
2250.621
2251.589
2252.557
2253.525
2254.493
2255.461
2256.431
2257.401
2258.372
2259.344
2260.315
2261.287
2262.257
2263.228
2264.197
2265.167
2266.136
2267.105
2268.074
2269.042
2270.010
2270.978
2271.947
2272.915
2273.884
2274.852
2275.820
2276.788
2277.757
2278.725
2279.693
2280.661
2281.628
2282.595
2283.562
2284.530
2285.497
2286.465
2287.433
2288.401
2289.370
2290.340
2291.310
2292.280
2293.251
2294.221
2295.192
2296.163
2297.133
2298.102
2299.070
2300.038
2301.006
2301.973
2302.941
2303.908
2304.877
2305.846
2306.815
2307.785
2308.754
2309.723
2310.692
2311.661
2312.630
2313.599
2314.569
2315.540
2316.511
2317.482
2318.454
2319.427
2320.399
2321.372
2322.346
2323.319
2324.293
2325.266
2326.239
2327.211
2328.184
2329.156
2330.129
2331.100
2332.070
2333.039
2334.008
2334.976
2335.943
2336.911
2337.878
2338.846
2339.815
2340.784
2341.753
2342.723
2343.692
2344.661
2345.630
2346.598
2347.565
2348.532
2349.498
2350.465
2351.433
2352.401
2353.370
2354.339
2355.309
2356.280
2357.251
2358.223
2359.194
2360.167
2361.139
2362.110
2363.081
2364.051
2365.019
2365.988
2366.956
2367.924
2368.891
2369.859
2370.826
2371.794
2372.762
2373.732
2374.702
2375.672
2376.642
2377.613
2378.583
2379.553
2380.523
2381.492
2382.460
2383.428
2384.396
2385.364
2386.331
2387.299
2388.267
2389.235
2390.204
2391.173
2392.142
2393.111
2394.080
2395.049
2396.018
2396.988
2397.957
2398.927
2399.896
2400.866
2401.834
2402.803
2403.773
2404.744
2405.716
2406.687
2407.658
2408.629
2409.600
2410.572
2411.543
2412.514
2413.484
2414.454
2415.423
2416.391
2417.359
2418.327
2419.296
2420.265
2421.235
2422.205
2423.176
2424.147
2425.118
2426.089
2427.061
2428.032
2429.002
2429.972
2430.942
2431.912
2432.882
2433.851
2434.820
2435.789
2436.759
2437.729
2438.699
2439.669
2440.640
2441.611
2442.581
2443.552
2444.521
2445.490
2446.457
2447.424
2448.390
2449.356
2450.322
2451.287
2452.252
2453.217
2454.182
2455.149
2456.117
2457.086
2458.056
2459.026
2459.998
2460.969
2461.941
2462.911
2463.882
2464.851
2465.820
2466.788
2467.756
2468.723
2469.690
2470.658
2471.626
2472.594
2473.563
2474.532
2475.503
2476.474
2477.445
2478.416
2479.387
2480.357
2481.327
2482.296
2483.265
2484.234
2485.202
2486.171
2487.140
2488.110
2489.080
2490.051
2491.022
2491.992
2492.963
2493.934
2494.905
2495.876
2496.845
2497.814
2498.782
2499.749
2500.715
2501.681
2502.646
2503.611
2504.577
2505.542
2506.508
2507.475
2508.443
2509.411
2510.378
2511.347
2512.315
2513.283
2514.251
2515.218
2516.185
2517.151
2518.117
2519.083
2520.050
2521.019
2521.988
2522.960
2523.933
2524.908
2525.884
2526.860
2527.836
2528.810
2529.784
2530.754
2531.723
2532.690
2533.654
2534.618
2535.579
2536.543
2537.505
2538.474
2539.452
2540.423
2541.397
2542.371
2543.345
2544.320
2545.295
2546.271
2547.247
2548.223
2549.201
2550.178
2551.157
2552.135
2553.114
2554.094
2555.074
2556.055
2557.036
2558.018